1 0 0 0
1 0 0 0
350 1019 1019 2957
3 3 3 3
289 611 611 1368
3 5 5 8
3 5 5 8
3 5 5 8
3 5 5 8
3 5 5 8
350 1019 1019 2957
3 5 5 8
350 1019 1019 2957
3 3 3 3
289 611 611 1368
350 1019 1019 2957
350 1019 1019 2957
350 1019 1019 2957
3 3 3 3
289 611 611 1368
147 462 462 1472
285 803 803 2047
137 272 272 553
147 267 267 488
272 1045 1045 4108
255 978 978 3690
80 497 497 3052
9 10 10 11
4 7 7 10
960 3795 3795 14960
3 6 6 12
9 14 14 24
9 72 72 576
5 6 6 8
4 6 6 10
5 6 6 7
2 2 2 2
4 5 5 6
3 4 4 5
3 6 6 12
2 2 2 2
2 2 2 2
4 5 5 6
5 6 6 7
20 30 30 50
3 9 9 27
4 4 4 4
3 4 4 5
6 8 8 12
5 6 6 8
4 5 5 6
4 16 16 64
6 30 30 150
3 3 3 3
6 9 9 12
2 2 2 2
2 2 2 2
2 2 2 2
7 42 42 252
15 21 21 27
702 1017 1017 1403
23 27 27 31
7 7 7 7
3 3 3 3
7 7 7 7
7 7 7 7
143 184 184 228
5 5 5 5
5 5 5 5
5 5 5 5
5 5 5 5
350 1019 1019 2957
3 5 5 8
3 5 5 8
3 5 5 8
3 5 5 8
350 1019 1019 2957
3 3 3 3
289 611 611 1368
147 462 462 1472
285 803 803 2047
137 272 272 553
147 267 267 488
272 1045 1045 4108
255 978 978 3690
80 497 497 3052
9 10 10 11
4 7 7 10
960 3795 3795 14960
3 6 6 12
9 14 14 24
9 72 72 576
5 6 6 8
4 6 6 10
5 6 6 7
2 2 2 2
4 5 5 6
3 4 4 5
3 6 6 12
2 2 2 2
2 2 2 2
4 5 5 6
5 6 6 7
20 30 30 50
3 9 9 27
4 4 4 4
3 4 4 5
6 8 8 12
5 6 6 8
4 5 5 6
4 16 16 64
6 30 30 150
3 3 3 3
6 9 9 12
2 2 2 2
2 2 2 2
2 2 2 2
7 42 42 252
15 21 21 27
702 1017 1017 1403
23 27 27 31
7 7 7 7
3 3 3 3
7 7 7 7
7 7 7 7
143 184 184 228
5 5 5 5
5 5 5 5
5 5 5 5
5 5 5 5
40 54 54 70
5 5 5 5
7 9 9 11
8 10 10 12
7 8 8 9
5 5 5 5
192 344 344 613
350 1019 1019 2957
3 3 3 3
289 611 611 1368
147 462 462 1472
285 803 803 2047
137 272 272 553
147 267 267 488
272 1045 1045 4108
255 978 978 3690
80 497 497 3052
9 10 10 11
4 7 7 10
960 3795 3795 14960
3 6 6 12
9 14 14 24
9 72 72 576
5 6 6 8
4 6 6 10
5 6 6 7
2 2 2 2
4 5 5 6
3 4 4 5
3 6 6 12
2 2 2 2
2 2 2 2
4 5 5 6
5 6 6 7
20 30 30 50
3 9 9 27
4 4 4 4
3 4 4 5
6 8 8 12
5 6 6 8
4 5 5 6
4 16 16 64
6 30 30 150
3 3 3 3
6 9 9 12
2 2 2 2
2 2 2 2
2 2 2 2
7 42 42 252
15 21 21 27
702 1017 1017 1403
23 27 27 31
7 7 7 7
3 3 3 3
7 7 7 7
7 7 7 7
143 184 184 228
5 5 5 5
5 5 5 5
5 5 5 5
5 5 5 5
40 54 54 70
5 5 5 5
7 9 9 11
8 10 10 12
7 8 8 9
5 5 5 5
192 344 344 613
